3 14 8 15 36
8 2 18 8 8
15 13 10 12 6
11 2 8 25 10
21 21 16 26 1
8 12 13 3 9
8 4 8 1 14
26 10 7 7 5
8 8 10 4 10
25 13 24 13 1
9 20 11 14 13
1 12 17 22 16
28 11 2 1 13
12 13 13 10 13
1 13 12 8 3
28 12 1 12 2
8 9 29 24 1
11 3 0 16 12
10 12 14 11 22
1 14 5 12 3
9 15 10 1 12
1 4 7 14 24
9 13 10 8 15
18 17 10 10 21
3 20 5 29 31
12 14 2 8 18
12 22 10 4 13
3 0 2 7 0
29 16 9 14 10
11 1 6 10 13
1 20 9 12 12
12 3 29 11 10
0 13 1 16 29
3 11 11 10 16
2 20 1 1 3
15 8 16 18 15
18 14 11 10 10
11 4 8 17 12
19 7 13 10 9
8 14 3 1 12
7
